* QUEFF 0 51
100 0.0
200 0.09494
210 0.11562
220 0.13724
230 0.1598
240 0.18612
250 0.21056
260 0.23124
270 0.25192
280 0.27636
290 0.29798
300 0.31208
310 0.329
320 0.3384
330 0.34498
340 0.34686
350 0.3431
360 0.3384
370 0.34028
380 0.34404
390 0.33934
400 0.33464
410 0.32806
420 0.31866
430 0.30832
440 0.2961
450 0.282
460 0.26602
470 0.24534
480 0.2256
490 0.20962
500 0.1974
510 0.18236
520 0.1598
530 0.12784
540 0.09964
550 0.08084
560 0.06862
570 0.05734
580 0.04794
590 0.03854
600 0.03008
610 0.02256
620 0.01598
630 0.01034
640 0.00658
650 0.00376
660 0.00282
670 0.00094
680 0.00094
800 0.0